Wavenumbercm-1,03:18:01
2999.37552385828,0.148487966322075
2997.5113998534,0.146302888121831
2995.64727584851,0.141574536444204
2993.78315184363,0.132376912413866
2991.91902783874,0.128204882121891
2990.05490383386,0.129125422287181
2988.19077982897,0.130708619833126
2986.32665582409,0.130771974077073
2984.46253181921,0.125886182058006
2982.59840781432,0.116976409867388
2980.73428380944,0.108605448927233
2978.87015980455,0.105328749703952
2977.00603579967,0.100130256397561
2975.14191179479,0.0940530263697916
2973.2777877899,0.0945541961497665
2971.41366378502,0.0952836192276463
2969.54953978013,0.0943161448914287
2967.68541577525,0.0926034841258944
2965.82129177037,0.0914365369561217
2963.95716776548,0.0886841277243481
2962.0930437606,0.0865646128475067
2960.22891975571,0.0879259648321645
2958.36479575083,0.0904328219932106
2956.50067174594,0.08860493628501
2954.63654774106,0.0793640290829884
2952.77242373618,0.0781953002849827
2950.90829973129,0.0821366297113237
2949.04417572641,0.0742459004192602
2947.18005172152,0.0580315475156948
2945.31592771664,0.0404113828473129
2943.45180371176,0.0374003413793965
2941.58767970687,0.0454806503498583
2939.72355570199,0.0512669263379171
2937.8594316971,0.055501198713532
2935.99530769222,0.0575230421396096
2934.13118368733,0.0575269083814801
2932.26705968245,0.044193299592479
2930.40293567757,0.0287694192522852
2928.53881167268,0.0317534334690035
2926.6746876678,0.039191764160391
2924.81056366291,0.04638541427444
2922.94643965803,0.0543006562639559
2921.08231565315,0.0569447618175222
2919.21819164826,0.0521112848930113
2917.35406764338,0.0396768506141049
2915.48994363849,0.0167067765709299
2913.62581963361,-0.000237691777432869
2911.76169562872,0.000674662682332427
2909.89757162384,0.00811574740257751
2908.03344761896,0.0148849667163656
2906.16932361407,0.0141601513839045
2904.30519960919,0.0137438647527574
2902.4410756043,0.0174071721671643
2900.57695159942,0.0205435839142961
2898.71282759454,0.0126307107911119
2896.84870358965,-0.00107074487382789
2894.98457958477,-0.00245920336669164
2893.12045557988,-0.000752668406958595
2891.256331575,-0.00102487783860807
2889.39220757011,-0.00095861628299427
2887.52808356523,-0.00124353059008895
2885.66395956035,-0.00121529485751608
2883.79983555546,-8.6834391643497E-05
2881.93571155058,0.00223970297070422
2880.07158754569,0.00890817611731951
2878.20746354081,0.01599316444931
2876.34333953593,0.00078711749867269
2874.47921553104,-0.0308631868927649
2872.61509152616,-0.036970155004641
2870.75096752127,-0.0275731848731294
2868.88684351639,-0.0254419974162381
2867.0227195115,-0.0236265548114337
2865.15859550662,-0.0179069017069002
2863.29447150174,-0.0195419380528317
2861.43034749685,-0.0339782258767399
2859.56622349197,-0.0391521469557154
2857.70209948708,-0.035992163151295
2855.8379754822,-0.0313921463630155
2853.97385147732,-0.0247530079808485
2852.10972747243,-0.0190913236037082
2850.24560346755,-0.0252453435183106
2848.38147946266,-0.0334003464965367
2846.51735545778,-0.0260540163614912
2844.65323145289,-0.011329186119627
2842.78910744801,-0.00392565381855034
2840.92498344313,-0.026831291611616
2839.06085943824,-0.0520395350724258
2837.19673543336,-0.0560554202194545
2835.33261142847,-0.0579326954701571
2833.46848742359,-0.0561493726354107
2831.60436341871,-0.0521915771468254
2829.74023941382,-0.0480434381882921
2827.87611540894,-0.0459356596441813
2826.01199140405,-0.0461932131049276
2824.14786739917,-0.048065846906057
2822.28374339428,-0.0491243965739395
2820.4196193894,-0.0498912966690324
2818.55549538452,-0.0484767388668049
2816.69137137963,-0.0450226236800443
2814.82724737475,-0.0402206703879771
2812.96312336986,-0.0461429976138303
2811.09899936498,-0.0606644425406833
2809.2348753601,-0.0624263871245155
2807.37075135521,-0.0570380062092057
2805.50662735033,-0.0508243237878667
2803.64250334544,-0.0396975723836999
2801.77837934056,-0.0373950955701077
2799.91425533567,-0.0520687158611156
2798.05013133079,-0.0606245965082593
2796.18600732591,-0.0544417704807409
2794.32188332102,-0.0476702598698357
2792.45775931614,-0.0533078702531825
2790.59363531125,-0.0730578311214731
2788.72951130637,-0.0811564014491331
2786.86538730149,-0.0733148536884777
2785.0012632966,-0.0672131288964872
2783.13713929172,-0.0624465537821271
2781.27301528683,-0.0550897606167406
2779.40889128195,-0.0464644588954917
2777.54476727706,-0.0553003586786027
2775.68064327218,-0.0753384073667675
2773.8165192673,-0.0795736948929232
2771.95239526241,-0.0748699639467259
2770.08827125753,-0.0718471550936611
2768.22414725264,-0.0703894359036274
2766.36002324776,-0.0685288060912907
2764.49589924288,-0.0664331200539202
2762.63177523799,-0.0648635455749339
2760.76765123311,-0.0652219605809177
2758.90352722822,-0.0666482669921466
2757.03940322334,-0.0663314398718093
2755.17527921845,-0.0607962728789678
2753.31115521357,-0.0569836686962204
2751.44703120869,-0.062790658349886
2749.5829072038,-0.0762848442452316
2747.71878319892,-0.0840271267499583
2745.85465919403,-0.0796469806344013
2743.99053518915,-0.074991099470994
2742.12641118427,-0.0703870918475955
2740.26228717938,-0.0709132221223472
2738.3981631745,-0.0762363032545896
2736.53403916961,-0.0767741811309362
2734.66991516473,-0.0719883107735427
2732.80579115984,-0.0651542794960338
2730.94166715496,-0.0558303092454349
2729.07754315008,-0.0598573556012601
2727.21341914519,-0.0751611991844887
2725.34929514031,-0.0805112940999101
2723.48517113542,-0.0857487894966634
2721.62104713054,-0.08553760078283
2719.75692312566,-0.0804173226653353
2717.89279912077,-0.0793292131341986
2716.02867511589,-0.0781721772104592
2714.164551111,-0.0761217485601443
2712.30042710612,-0.0760818688956543
2710.43630310123,-0.0782536654540241
2708.57217909635,-0.0776721442200747
2706.70805509147,-0.0768304060900089
2704.84393108658,-0.0762886174581835
2702.9798070817,-0.0759173507004347
2701.11568307681,-0.0766506033865395
2699.25155907193,-0.0778307934002893
2697.38743506705,-0.0769693494696667
2695.52331106216,-0.0764405118068848
2693.65918705728,-0.0764715978659935
2691.79506305239,-0.0758607773375054
2689.93093904751,-0.0741714467312798
2688.06681504263,-0.0716612526942984
2686.20269103774,-0.0658086989735233
2684.33856703286,-0.0605108129163448
2682.47444302797,-0.0647765373174636
2680.61031902309,-0.0729085837766863
2678.7461950182,-0.0782990640115479
2676.88207101332,-0.078394001349695
2675.01794700844,-0.0794530405417605
2673.15382300355,-0.0797566762175547
2671.28969899867,-0.0771575229770635
2669.42557499378,-0.0759396840251713
2667.5614509889,-0.0749495041989309
2665.69732698402,-0.0751466421911714
2663.83320297913,-0.075925584100599
2661.96907897425,-0.0771747471930417
2660.10495496936,-0.078118645749232
2658.24083096448,-0.0788346257930671
2656.37670695959,-0.0796709502874293
2654.51258295471,-0.0808149707027324
2652.64845894983,-0.0818458730933772
2650.78433494494,-0.0818576423078638
2648.92021094006,-0.0816057427258275
2647.05608693517,-0.0815310868782794
2645.19196293029,-0.0807272519645445
2643.32783892541,-0.0794128968764147
2641.46371492052,-0.0795762380080011
2639.59959091564,-0.0834216501800556
2637.73546691075,-0.0852898574407833
2635.87134290587,-0.085741023256846
2634.00721890098,-0.085261041390234
2632.1430948961,-0.0830082865913011
2630.27897089122,-0.0830213430798873
2628.41484688633,-0.0841286353038497
2626.55072288145,-0.0871097047499649
2624.68659887656,-0.0866834752809308
2622.82247487168,-0.0849582388232463
2620.9583508668,-0.083342813643892
2619.09422686191,-0.0824238649354306
2617.23010285703,-0.0825431043762519
2615.36597885214,-0.0821738363505125
2613.50185484726,-0.0820750302154807
2611.63773084237,-0.0814856916766687
2609.77360683749,-0.080777868228388
2607.90948283261,-0.0799115193370314
2606.04535882772,-0.0793926397021369
2604.18123482284,-0.0794750793061693
2602.31711081795,-0.079307936177366
2600.45298681307,-0.0778797024245801
2598.58886280819,-0.0768490200860951
2596.7247388033,-0.0763905235686104
2594.86061479842,-0.0775668597112382
2592.99649079353,-0.0775049445740791
2591.13236678865,-0.0766532204969515
2589.26824278376,-0.0753172735003106
2587.40411877888,-0.0739813633598376
2585.539994774,-0.0727446154773599
2583.67587076911,-0.0730077633922142
2581.81174676423,-0.0725241767925537
2579.94762275934,-0.0712430496934135
2578.08349875446,-0.0727145110311852
2576.21937474958,-0.0743872885496499
2574.35525074469,-0.0745545581581666
2572.49112673981,-0.072670472174396
2570.62700273492,-0.0712347695851152
2568.76287873004,-0.0702330321319597
2566.89875472515,-0.0705073188065563
2565.03463072027,-0.069616526715626
2563.17050671539,-0.0696129790742965
2561.3063827105,-0.0700291972126409
2559.44225870562,-0.069718671758269
2557.57813470073,-0.0689607691661168
2555.71401069585,-0.0686264835606781
2553.84988669097,-0.0686905523030256
2551.98576268608,-0.0676487402128839
2550.1216386812,-0.0660964492479345
2548.25751467631,-0.065031235650859
2546.39339067143,-0.0663555868425937
2544.52926666654,-0.0668889925268263
2542.66514266166,-0.0659625060193441
2540.80101865678,-0.0650972521324922
2538.93689465189,-0.0651707951988449
2537.07277064701,-0.0643424600980037
2535.20864664212,-0.0643704587976612
2533.34452263724,-0.0652980767005935
2531.48039863236,-0.0657608147363683
2529.61627462747,-0.0662811156204871
2527.75215062259,-0.0682010077022246
2525.8880266177,-0.0692653829554013
2524.02390261282,-0.0712505442479938
2522.15977860793,-0.0751660425591924
2520.29565460305,-0.0762341061725963
2518.43153059817,-0.0755581160891886
2516.56740659328,-0.0749431142892746
2514.7032825884,-0.0739389346680315
2512.83915858351,-0.072246819095358
2510.97503457863,-0.0717734991274819
2509.11091057375,-0.0714465584487214
2507.24678656886,-0.0709863994930669
2505.38266256398,-0.0695861351611139
2503.51853855909,-0.0688101951847458
2501.65441455421,-0.0682100563710968
2499.79029054932,-0.0679009012109977
2497.92616654444,-0.0679975713679767
2496.06204253956,-0.0681442740270647
2494.19791853467,-0.067089933344798
2492.33379452979,-0.0658060630797291
2490.4696705249,-0.0661690684419401
2488.60554652002,-0.06624747702305
2486.74142251514,-0.0653041902479359
2484.87729851025,-0.0637381528090351
2483.01317450537,-0.0627049243039381
2481.14905050048,-0.0615041603542081
2479.2849264956,-0.0611256554003005
2477.42080249071,-0.0609097904403665
2475.55667848583,-0.0612259394051499
2473.69255448095,-0.0609641132616964
2471.82843047606,-0.0600835319117777
2469.96430647118,-0.0586094961354637
2468.10018246629,-0.057881546202551
2466.23605846141,-0.0576686348967032
2464.37193445653,-0.057647472561221
2462.50781045164,-0.0573316820185647
2460.64368644676,-0.0573096826750951
2458.77956244187,-0.0574586574881998
2456.91543843699,-0.0566380074811889
2455.0513144321,-0.056047531120926
2453.18719042722,-0.0550251291491055
2451.32306642234,-0.0550251066103368
2449.45894241745,-0.0538721756928792
2447.59481841257,-0.0523278810956305
2445.73069440768,-0.0510441937734598
2443.8665704028,-0.0505402124164989
2442.00244639792,-0.0491957980961283
2440.13832239303,-0.0479550390637931
2438.27419838815,-0.0470759634350714
2436.41007438326,-0.04593851895097
2434.54595037838,-0.0452934341478079
2432.68182637349,-0.0443655561950197
2430.81770236861,-0.0432039234908934
2428.95357836373,-0.0418392609283244
2427.08945435884,-0.0416605091857023
2425.22533035396,-0.0410852465726306
2423.36120634907,-0.0396374400986299
2421.49708234419,-0.0383851314117837
2419.63295833931,-0.0384795782547851
2417.76883433442,-0.03778670990506
2415.90471032954,-0.0370060862166783
2414.04058632465,-0.0360327515796617
2412.17646231977,-0.0356324342134217
2410.31233831489,-0.0351589726376691
2408.44821431,-0.0334497726800951
2406.58409030512,-0.0318598380743246
2404.71996630023,-0.0307587274513344
2402.85584229535,-0.0298468821010993
2400.99171829046,-0.0286861992366309
2399.12759428558,-0.0280027255491041
2397.2634702807,-0.0271062111700166
2395.39934627581,-0.0263924091659778
2393.53522227093,-0.026259453098312
2391.67109826604,-0.0263274013475222
2389.80697426116,-0.0259762145007405
2387.94285025628,-0.0263057047362004
2386.07872625139,-0.0269479291340731
2384.21460224651,-0.0284011748538453
2382.35047824162,-0.0298189523259447
2380.48635423674,-0.0311467708553129
2378.62223023185,-0.0322633128606574
2376.75810622697,-0.0334445302097599
2374.89398222209,-0.0345660463234832
2373.0298582172,-0.0340680928359998
2371.16573421232,-0.0326514957720563
2369.30161020743,-0.0302396259164917
2367.43748620255,-0.0276816635177297
2365.57336219767,-0.0252904434931311
2363.70923819278,-0.0234793424509447
2361.8451141879,-0.020515107339673
2359.98099018301,-0.017336005436266
2358.11686617813,-0.0142977437627266
2356.25274217324,-0.0120405553838522
2354.38861816836,-0.0112466295020536
2352.52449416348,-0.0142075178480853
2350.66037015859,-0.0208305494821344
2348.79624615371,-0.026686616127853
2346.93212214882,-0.0278388726532038
2345.06799814394,-0.026288002006277
2343.20387413906,-0.0240771909824203
2341.33975013417,-0.0217098032140729
2339.47562612929,-0.0200573159105414
2337.6115021244,-0.0180171517567554
2335.74737811952,-0.0169495726496141
2333.88325411463,-0.0158654734142346
2332.01913010975,-0.014856705795792
2330.15500610487,-0.0156131500943306
2328.29088209998,-0.0205726619182507
2326.4267580951,-0.0269837524303557
2324.56263409021,-0.0283015838618302
2322.69851008533,-0.0252735358767272
2320.83438608045,-0.0233102066942042
2318.97026207556,-0.0219428203309095
2317.10613807068,-0.0208557033107171
2315.24201406579,-0.0197350324534229
2313.37789006091,-0.0185747176060317
2311.51376605602,-0.0184485741799447
2309.64964205114,-0.0185445826680905
2307.78551804626,-0.0188943088207011
2305.92139404137,-0.0187465333174923
2304.05727003649,-0.0184608479241549
2302.1931460316,-0.0181864003818319
2300.32902202672,-0.0186395278680971
2298.46489802184,-0.0191602934304839
2296.60077401695,-0.0199601876124862
2294.73665001207,-0.0199905771013989
2292.87252600718,-0.0212336910401687
2291.0084020023,-0.0226946068933404
2289.14427799741,-0.0236576502782298
2287.28015399253,-0.0238445258533717
2285.41602998765,-0.0232144186235694
2283.55190598276,-0.0221158131957347
2281.68778197788,-0.0192980864178037
2279.82365797299,-0.0166100772918581
2277.95953396811,-0.0150154604349909
2276.09540996323,-0.0144822323932191
2274.23128595834,-0.0134350210287003
2272.36716195346,-0.0128105183574692
2270.50303794857,-0.00982341023596259
2268.63891394369,-0.00660813120054218
2266.7747899388,-0.00396547779957827
2264.91066593392,-0.00387612095203959
2263.04654192904,-0.00437738432979989
2261.18241792415,-0.00417325477034658
2259.31829391927,-0.00338901409259614
2257.45416991438,-0.000205172039181166
2255.5900459095,0.00359106373495518
2253.72592190462,0.00461495404664773
2251.86179789973,0.00481545983779397
2249.99767389485,0.00560896808754355
2248.13354988996,0.00629034889276412
2246.26942588508,0.00705048531558402
2244.40530188019,0.00715037529927444
2242.54117787531,0.00851092664934581
2240.67705387043,0.00951335202169966
2238.81292986554,0.0103801924047431
2236.94880586066,0.0111013610198772
2235.08468185577,0.0138971733350026
2233.22055785089,0.015702969610823
2231.35643384601,0.0181965121775521
2229.49230984112,0.01926759502727
2227.62818583624,0.0198246621327229
2225.76406183135,0.0204804246663359
2223.89993782647,0.0210488706104784
2222.03581382158,0.0236397456777216
2220.1716898167,0.0278352614456851
2218.30756581182,0.029311109647027
2216.44344180693,0.0285808750432308
2214.57931780205,0.0297734834809056
2212.71519379716,0.0303352736819002
2210.85106979228,0.0329306366149946
2208.9869457874,0.0348226538978564
2207.12282178251,0.0353361853662845
2205.25869777763,0.0366016617614771
2203.39457377274,0.0401439220431868
2201.53044976786,0.0408694898365168
2199.66632576297,0.0420613392350978
2197.80220175809,0.0429422568725707
2195.93807775321,0.0452000341043895
2194.07395374832,0.0475224014248831
2192.20982974344,0.0490465747137356
2190.34570573855,0.0514526084292863
2188.48158173367,0.0566993562533792
2186.61745772879,0.0626747511285737
2184.7533337239,0.0681552602059983
2182.88920971902,0.0757996395828283
2181.02508571413,0.0766020563853506
2179.16096170925,0.075968445283652
2177.29683770436,0.0778595208904045
2175.43271369948,0.0786939848401638
2173.5685896946,0.076122840980027
2171.70446568971,0.0743997914418979
2169.84034168483,0.0745645395376585
2167.97621767994,0.0818636919002424
2166.11209367506,0.0919359131571067
2164.24796967018,0.105832417400588
2162.38384566529,0.12638019733235
2160.51972166041,0.144574321120506
2158.65559765552,0.139333188462837
2156.79147365064,0.122713546960319
2154.92734964575,0.109285690521641
2153.06322564087,0.0976933768366612
2151.19910163599,0.0902675381026235
2149.3349776311,0.0844594165902622
2147.47085362622,0.0798159317267589
2145.60672962133,0.0762144132888989
2143.74260561645,0.0720035143409347
2141.87848161157,0.0669881188865907
2140.01435760668,0.0653949390680046
2138.1502336018,0.0651539732142512
2136.28610959691,0.065899711964381
2134.42198559203,0.0639439415800683
2132.55786158715,0.0588500315152149
2130.69373758226,0.054662095652314
2128.82961357738,0.0512210362637323
2126.96548957249,0.0492441815722615
2125.10136556761,0.0470603957177046
2123.23724156272,0.0451687552379057
2121.37311755784,0.043143593920045
2119.50899355296,0.0418671024330268
2117.64486954807,0.0397422058978528
2115.78074554319,0.0386167319329105
2113.9166215383,0.0388363909635614
2112.05249753342,0.0395949337939234
2110.18837352854,0.0388309961805814
2108.32424952365,0.0386120776210797
2106.46012551877,0.0394134679488273
2104.59600151388,0.0390287043981947
2102.731877509,0.0387463252409158
2100.86775350411,0.0401334654148549
2099.00362949923,0.0427382156029657
2097.13950549435,0.0446032373042332
2095.27538148946,0.0466550248952549
2093.41125748458,0.0457966168836863
2091.54713347969,0.0444559521732615
2089.68300947481,0.0422734414988885
2087.81888546993,0.0408176910626658
2085.95476146504,0.0396968225947628
2084.09063746016,0.0387948606689424
2082.22651345527,0.0383827852051588
2080.36238945039,0.038846185756942
2078.4982654455,0.0382370056992922
2076.63414144062,0.0378137360963899
2074.77001743574,0.0392786852965874
2072.90589343085,0.0407325597974356
2071.04176942597,0.0419576513891203
2069.17764542108,0.042350493933107
2067.3135214162,0.0432004916718741
2065.44939741132,0.0432281591462433
2063.58527340643,0.0430734525851897
2061.72114940155,0.0423746101161711
2059.85702539666,0.0427621160604053
2057.99290139178,0.0412430954884713
2056.12877738689,0.0416173317829099
2054.26465338201,0.0365228682880314
2052.40052937713,0.0322035614954803
2050.53640537224,0.0379251078106435
2048.67228136736,0.0465076567633496
2046.80815736247,0.0509290338749053
2044.94403335759,0.0526721495184612
2043.07990935271,0.055790907735858
2041.21578534782,0.0578576663371915
2039.35166134294,0.0608884965239955
2037.48753733805,0.0674973934004663
2035.62341333317,0.0771826271221756
2033.75928932829,0.0816377842869505
2031.8951653234,0.0846956683743614
2030.03104131852,0.0860457127725762
2028.16691731363,0.0866385961078223
2026.30279330875,0.0853705990643664
2024.43866930387,0.0851312334671259
2022.57454529898,0.0856210816851522
2020.7104212941,0.0865089859029884
2018.84629728921,0.0851364331047505
2016.98217328433,0.0838973030533849
2015.11804927945,0.0831564066339997
2013.25392527456,0.0823946931863611
2011.38980126968,0.0832146385378053
2009.5256772648,0.0853233857371597
2007.66155325991,0.0873062214615044
2005.79742925503,0.0834525605163101
2003.93330525014,0.0774132268893133
2002.06918124526,0.0708393959685834
2000.20505724038,0.0658578680099051
1998.34093323549,0.0605173573001773
1996.47680923061,0.0586892199861067
1994.61268522572,0.0587714752766326
1992.74856122084,0.0578988745079279
1990.88443721596,0.0551271796475485
1989.02031321107,0.0529134527246522
1987.15618920619,0.0511316043009883
1985.2920652013,0.0497975491118358
1983.42794119642,0.0465440124537073
1981.56381719154,0.0480017557703019
1979.69969318665,0.0616324829158079
1977.83556918177,0.0721645151092128
1975.97144517688,0.0746283632421082
1974.107321172,0.0715054050200896
1972.24319716712,0.0690622610630641
1970.37907316223,0.0678245119897401
1968.51494915735,0.0661862656457244
1966.65082515246,0.0620181433253739
1964.78670114758,0.0599418666582415
1962.9225771427,0.0581540574152251
1961.05845313781,0.0570837578539324
1959.19432913293,0.0534791738570443
1957.33020512805,0.0486983410940828
1955.46608112316,0.045674299790332
1953.60195711828,0.0425494627502311
1951.73783311339,0.0405448232449275
1949.87370910851,0.0377299171067457
1948.00958510363,0.0361561661748425
1946.14546109874,0.0351561548201059
1944.28133709386,0.0369192717776717
1942.41721308897,0.0368332139642408
1940.55308908409,0.0356190980418059
1938.68896507921,0.0335616898407437
1936.82484107432,0.0322678729778848
1934.96071706944,0.0314527292291654
1933.09659306455,0.0312429472783433
1931.23246905967,0.0307024336818053
1929.36834505479,0.0295748832111919
1927.5042210499,0.0288233071454727
1925.64009704502,0.0284603038124945
1923.77597304013,0.028272843894013
1921.91184903525,0.026166768879249
1920.04772503037,0.0273449401472853
1918.18360102548,0.0283641504444345
1916.3194770206,0.0278775595846306
1914.45535301571,0.0271496050767095
1912.59122901083,0.0271249082563224
1910.72710500595,0.0268857596418255
1908.86298100106,0.0269683083214077
1906.99885699618,0.0265290707167242
1905.13473299129,0.0260213411313881
1903.27060898641,0.0263058623107943
1901.40648498153,0.02654735898313
1899.54236097664,0.0260598380609188
1897.67823697176,0.0252705162550673
1895.81411296688,0.0256988027225219
1893.94998896199,0.0254097149874591
1892.08586495711,0.0261161277343642
1890.22174095222,0.0271190468775499
1888.35761694734,0.0277060948983164
1886.49349294246,0.0274187763285442
1884.62936893757,0.0273816219161088
1882.76524493269,0.0270337769546226
1880.9011209278,0.0268946751762478
1879.03699692292,0.0266136157048444
1877.17287291804,0.0263778365108231
1875.30874891315,0.0259022962601489
1873.44462490827,0.025272967598566
1871.58050090338,0.0261512519135725
1869.7163768985,0.0281473193988624
1867.85225289362,0.0290326998274835
1865.98812888873,0.0286742763635369
1864.12400488385,0.0286557721013852
1862.25988087896,0.0284848962102749
1860.39575687408,0.0288387232686646
1858.5316328692,0.0289036141488488
1856.66750886431,0.0293416481887692
1854.80338485943,0.029291120144349
1852.93926085454,0.0290934834104335
1851.07513684966,0.0287366228219969
1849.21101284478,0.0284871191214218
1847.34688883989,0.0285514567585866
1845.48276483501,0.0310987083366196
1843.61864083013,0.032764760493906
1841.75451682524,0.0323693001601996
1839.89039282036,0.0322281206764602
1838.02626881547,0.032077600741095
1836.16214481059,0.0323691001450893
1834.29802080571,0.031752536158396
1832.43389680082,0.0321188600352374
1830.56977279594,0.0331110025756824
1828.70564879105,0.0337101428386507
1826.84152478617,0.0344090660956962
1824.97740078129,0.0353826764205239
1823.1132767764,0.035581999820191
1821.24915277152,0.0364154839670885
1819.38502876663,0.0380301692432551
1817.52090476175,0.0392528056126296
1815.65678075687,0.0388471797806122
1813.79265675198,0.038562318335426
1811.9285327471,0.0392297064196258
1810.06440874221,0.0397907401421629
1808.20028473733,0.0401969119232838
1806.33616073245,0.0402062365326363
1804.47203672756,0.0408039251106093
1802.60791272268,0.0417404114967417
1800.74378871779,0.0429608418108309
1798.87966471291,0.0435210907602342
1797.01554070803,0.0439025969664687
1795.15141670314,0.0445032756435202
1793.28729269826,0.0471637012715802
1791.42316869337,0.0487161053985258
1789.55904468849,0.049013632501744
1787.69492068361,0.0496454882829844
1785.83079667872,0.0510074528192431
1783.96667267384,0.0522817377088303
1782.10254866896,0.0536696699611238
1780.23842466407,0.0553145138858461
1778.37430065919,0.0567069175728013
1776.5101766543,0.0580143793196902
1774.64605264942,0.0598901723173093
1772.78192864454,0.0633438250928653
1770.91780463965,0.0653831434581498
1769.05368063477,0.067692756008922
1767.18955662988,0.0687763153406288
1765.325432625,0.0699518323792402
1763.46130862012,0.0720319577143181
1761.59718461523,0.0738954944467399
1759.73306061035,0.0749212634388211
1757.86893660546,0.0766734150769115
1756.00481260058,0.0777939318472444
1754.1406885957,0.0787855796289561
1752.27656459081,0.0816070584618739
1750.41244058593,0.0843505664828747
1748.54831658104,0.0868091258475111
1746.68419257616,0.0887626443765915
1744.82006857128,0.0914072719351532
1742.95594456639,0.0935409014721718
1741.09182056151,0.0971786355372649
1739.22769655662,0.0993773947618093
1737.36357255174,0.101496746430661
1735.49944854686,0.107533690069954
1733.63532454197,0.113575594532612
1731.77120053709,0.117401852328693
1729.90707653221,0.121433271021769
1728.04295252732,0.125323864837715
1726.17882852244,0.129867761957183
1724.31470451755,0.135016126401001
1722.45058051267,0.13919961446535
1720.58645650779,0.144660423348855
1718.7223325029,0.153342099831411
1716.85820849802,0.162021093449997
1714.99408449313,0.168739731227982
1713.12996048825,0.175756345410737
1711.26583648337,0.182826441813241
1709.40171247848,0.190789731080564
1707.5375884736,0.200103664588145
1705.67346446871,0.210079250855271
1703.80934046383,0.217200437069389
1701.94521645895,0.230749066086461
1700.08109245406,0.243645475141187
1698.21696844918,0.254788110208608
1696.35284444429,0.269652626049423
1694.48872043941,0.281225827181426
1692.62459643453,0.293319392279984
1690.76047242964,0.307561176821808
1688.89634842476,0.320750684972543
1687.03222441987,0.334748500347887
1685.16810041499,0.356577504238746
1683.30397641011,0.373053842971076
1681.43985240522,0.388718783829726
1679.57572840034,0.403611137528965
1677.71160439545,0.420974101158268
1675.84748039057,0.441688519523068
1673.98335638569,0.459366624816313
1672.1192323808,0.477773823581138
1670.25510837592,0.500009232788395
1668.39098437104,0.51981449075496
1666.52686036615,0.537703573236615
1664.66273636127,0.55889227931644
1662.79861235638,0.580875579113553
1660.9344883515,0.601238371285098
1659.07036434662,0.620494458900698
1657.20624034173,0.63841151771536
1655.34211633685,0.660264026327994
1653.47799233196,0.685684492305984
1651.61386832708,0.699412683447485
1649.7497443222,0.713763127592562
1647.88562031731,0.731038954203037
1646.02149631243,0.746097498071151
1644.15737230754,0.757352103462612
1642.29324830266,0.767216206454739
1640.42912429778,0.775143953630217
1638.56500029289,0.781318848089745
1636.70087628801,0.784266403794607
1634.83675228312,0.782253888491359
1632.97262827824,0.777639884623544
1631.10850427336,0.770299414312435
1629.24438026847,0.759281909111631
1627.38025626359,0.746220998833331
1625.5161322587,0.730178546821545
1623.65200825382,0.711017215037257
1621.78788424894,0.692418531845841
1619.92376024405,0.674029644379515
1618.05963623917,0.6499163385534
1616.19551223429,0.626287961955034
1614.3313882294,0.604732224674124
1612.46726422452,0.582635342357823
1610.60314021963,0.560212030709662
1608.73901621475,0.537883955512965
1606.87489220987,0.516682759183278
1605.01076820498,0.496202034221379
1603.1466442001,0.476949949506211
1601.28252019521,0.458543559688322
1599.41839619033,0.441517860473481
1597.55427218545,0.424860976866787
1595.69014818056,0.409378186873848
1593.82602417568,0.394385437156306
1591.96190017079,0.380711812386509
1590.09777616591,0.367618067657035
1588.23365216103,0.355561543266016
1586.36952815614,0.343990663145593
1584.50540415126,0.333381288058881
1582.64128014637,0.323271892505797
1580.77715614149,0.31405124889662
1578.91303213661,0.305619567544644
1577.04890813172,0.297094680854546
1575.18478412684,0.289547759358729
1573.32066012195,0.282537987788963
1571.45653611707,0.275931825870582
1569.59241211219,0.269348287039103
1567.7282881073,0.2633212730482
1565.86416410242,0.256933274769652
1564.00004009754,0.251231622262884
1562.13591609265,0.246290304628511
1560.27179208777,0.243418027608091
1558.40766808288,0.240319521979306
1556.543544078,0.236597371979963
1554.67942007312,0.232280963312225
1552.81529606823,0.228256462977939
1550.95117206335,0.224540413471063
1549.08704805846,0.220715952713052
1547.22292405358,0.217249433120391
1545.3588000487,0.21401435284407
1543.49467604381,0.211575503928272
1541.63055203893,0.210448579817254
1539.76642803404,0.209465956179151
1537.90230402916,0.206827605115254
1536.03818002428,0.204650395266278
1534.17405601939,0.202819972596212
1532.30993201451,0.200837170943575
1530.44580800962,0.198658434829714
1528.58168400474,0.196910342281111
1526.71755999986,0.195210247786495
1524.85343599497,0.193559478024653
1522.98931199009,0.19278998572675
1521.1251879852,0.192132274425821
1519.26106398032,0.191151102083331
1517.39693997544,0.190342959013348
1515.53281597055,0.189441504076635
1513.66869196567,0.188326622875009
1511.80456796078,0.187209770837259
1509.9404439559,0.186453565525298
1508.07631995102,0.187742080093846
1506.21219594613,0.188155184743548
1504.34807194125,0.186983328106964
1502.48394793637,0.18564362031615
1500.61982393148,0.185007781696817
1498.7556999266,0.185125322088804
1496.89157592171,0.185560972943571
1495.02745191683,0.185175480866306
1493.16332791195,0.184882150043734
1491.29920390706,0.185529772424022
1489.43507990218,0.186246528036312
1487.57095589729,0.186650772592085
1485.70683189241,0.186916443076695
1483.84270788753,0.187452592139164
1481.97858388264,0.188046094093722
1480.11445987776,0.188694753665452
1478.25033587287,0.189526867469136
1476.38621186799,0.19067960619106
1474.52208786311,0.192525084479313
1472.65796385822,0.194945588825409
1470.79383985334,0.196498268841239
1468.92971584845,0.198041151653201
1467.06559184357,0.20040990737897
1465.20146783869,0.203520117562846
1463.3373438338,0.205926003564803
1461.47321982892,0.207965732465594
1459.60909582403,0.21163013503336
1457.74497181915,0.218028208198507
1455.88084781427,0.222852604037309
1454.01672380938,0.226800711798136
1452.1525998045,0.231542351093817
1450.28847579962,0.237137617789681
1448.42435179473,0.24400458982684
1446.56022778985,0.250795050181255
1444.69610378496,0.257855664407166
1442.83197978008,0.26557900107293
1440.9678557752,0.273427384635632
1439.10373177031,0.282793956544312
1437.23960776543,0.29503147778634
1435.37548376054,0.305305263499945
1433.51135975566,0.315160052213585
1431.64723575078,0.326909291092781
1429.78311174589,0.339692583092715
1427.91898774101,0.352123187820638
1426.05486373612,0.365681844061772
1424.19073973124,0.379977777914039
1422.32661572636,0.393666704963884
1420.46249172147,0.410786542672834
1418.59836771659,0.428490652227462
1416.7342437117,0.44385821211896
1414.87011970682,0.459344035417415
1413.00599570194,0.475499752243385
1411.14187169705,0.491700101103185
1409.27774769217,0.507236008993323
1407.41362368728,0.522568123369295
1405.5494996824,0.538233872122296
1403.68537567752,0.551909529187179
1401.82125167263,0.564682365319228
1399.95712766775,0.57772527646827
1398.09300366286,0.589596110234003
1396.22887965798,0.600850736501774
1394.3647556531,0.611638990467369
1392.50063164821,0.620688822607093
1390.63650764333,0.629661907823611
1388.77238363845,0.639173307996824
1386.90825963356,0.647905137792977
1385.04413562868,0.655441046056989
1383.18001162379,0.663003200574662
1381.31588761891,0.670626253568792
1379.45176361403,0.677988442934082
1377.58763960914,0.685266626513085
1375.72351560426,0.692732399372977
1373.85939159937,0.700021254644676
1371.99526759449,0.706493754667009
1370.13114358961,0.713266387054923
1368.26701958472,0.719798100851473
1366.40289557984,0.726054575855494
1364.53877157495,0.732279081707065
1362.67464757007,0.738262268419696
1360.81052356519,0.74294226012207
1358.9463995603,0.746891456138217
1357.08227555542,0.749908458094281
1355.21815155053,0.751707591751415
1353.35402754565,0.752030750904046
1351.48990354077,0.75096463080575
1349.62577953588,0.748440284929523
1347.761655531,0.744282370829384
1345.89753152611,0.738563119230899
1344.03340752123,0.731291458069668
1342.16928351635,0.722359435555719
1340.30515951146,0.7110963164303
1338.44103550658,0.698224354627685
1336.5769115017,0.68379637293243
1334.71278749681,0.668167262508989
1332.84866349193,0.651517234486675
1330.98453948704,0.634235210409714
1329.12041548216,0.616322985437087
1327.25629147728,0.598235553706169
1325.39216747239,0.580064873672398
1323.52804346751,0.562095717255426
1321.66391946262,0.544611365443448
1319.79979545774,0.527659053935561
1317.93567145286,0.511554177168313
1316.07154744797,0.496246579805675
1314.20742344309,0.48168058567464
1312.3432994382,0.46812179349579
1310.47917543332,0.45572621248603
1308.61505142844,0.444076526681202
1306.75092742355,0.433377389203494
1304.88680341867,0.423740332381341
1303.02267941378,0.415170037774291
1301.1585554089,0.407540281532848
1299.29443140402,0.400882248930624
1297.43030739913,0.395214380133277
1295.56618339425,0.390406031238584
1293.70205938936,0.386281218611198
1291.83793538448,0.382849906125229
1289.9738113796,0.380250839485398
1288.10968737471,0.378489919427749
1286.24556336983,0.377579099902883
1284.38143936494,0.377472759365634
1282.51731536006,0.37810977995551
1280.65319135518,0.37939814779909
1278.78906735029,0.381359175071167
1276.92494334541,0.383887827592537
1275.06081934053,0.387124775095704
1273.19669533564,0.390997984570206
1271.33257133076,0.395254812147135
1269.46844732587,0.399783682925677
1267.60432332099,0.40486890963715
1265.74019931611,0.410833337140367
1263.87607531122,0.417621497016414
1262.01195130634,0.424974161176808
1260.14782730145,0.432457056704972
1258.28370329657,0.439887341922765
1256.41957929169,0.44737662023498
1254.5554552868,0.454867622152935
1252.69133128192,0.461978095825102
1250.82720727703,0.468655315795613
1248.96308327215,0.474851077157364
1247.09895926727,0.480407215841697
1245.23483526238,0.48525483023853
1243.3707112575,0.489338251689287
1241.50658725261,0.492490733536073
1239.64246324773,0.494747953776365
1237.77833924285,0.496098073167235
1235.91421523796,0.496540554726982
1234.05009123308,0.496171034995037
1232.18596722819,0.494884648166673
1230.32184322331,0.492633948402334
1228.45771921843,0.489481162785381
1226.59359521354,0.485598665747525
1224.72947120866,0.481165793948721
1222.86534720378,0.476265646737588
1221.00122319889,0.470864940981028
1219.13709919401,0.464976418734301
1217.27297518912,0.458587562047396
1215.40885118424,0.451786511732526
1213.54472717936,0.444794789614028
1211.68060317447,0.437807673546556
1209.81647916959,0.430727093441947
1207.9523551647,0.423586390888201
1206.08823115982,0.416522508308301
1204.22410715494,0.409407887554481
1202.35998315005,0.402270396145018
1200.49585914517,0.395344454879808
1198.63173514028,0.38859865404737
1196.7676111354,0.381963186924068
1194.90348713052,0.375571680037609
1193.03936312563,0.369400045561186
1191.17523912075,0.363626646482768
1189.31111511586,0.358205834791572
1187.44699111098,0.35270958388671
1185.5828671061,0.347205128794903
1183.71874310121,0.342053507451174
1181.85461909633,0.337187387466058
1179.99049509144,0.332495133226184
1178.12637108656,0.328063238742194
1176.26224708168,0.32389325141223
1174.39812307679,0.320022151584313
1172.53399907191,0.31637289810165
1170.66987506703,0.312817295420376
1168.80575106214,0.3093336893692
1166.94162705726,0.306084997619818
1165.07750305237,0.303154369443149
1163.21337904749,0.300297073778958
1161.34925504261,0.297534428761667
1159.48513103772,0.294964097294231
1157.62100703284,0.292336297457345
1155.75688302795,0.289773403820232
1153.89275902307,0.287447992742305
1152.02863501819,0.285227895302149
1150.1645110133,0.28320534399702
1148.30038700842,0.281388370388277
1146.43626300353,0.279595300538928
1144.57213899865,0.277934046170041
1142.70801499377,0.276519121609426
1140.84389098888,0.275109101297223
1138.979766984,0.273715037890233
1137.11564297911,0.272431721458961
1135.25151897423,0.271155721636617
1133.38739496935,0.269934078629672
1131.52327096446,0.26881204511758
1129.65914695958,0.267790832938699
1127.79502295469,0.266994560068624
1125.93089894981,0.266487044459554
1124.06677494493,0.266127997687891
1122.20265094004,0.26573173659948
1120.33852693516,0.265266373434805
1118.47440293027,0.264919903545233
1116.61027892539,0.264808006170088
1114.74615492051,0.264830052364822
1112.88203091562,0.264873266998738
1111.01790691074,0.264937154130917
1109.15378290586,0.265012025887538
1107.28965890097,0.26516944104177
1105.42553489609,0.265411454052888
1103.5614108912,0.265630871713958
1101.69728688632,0.265837664858295
1099.83316288144,0.26607675686687
1097.96903887655,0.266338928207118
1096.10491487167,0.266484407876679
1094.24079086678,0.266369784602019
1092.3766668619,0.266115558170653
1090.51254285702,0.265989226454568
1088.64841885213,0.265827906345333
1086.78429484725,0.265539185772817
1084.92017084236,0.265405961862695
1083.05604683748,0.265436394843755
1081.1919228326,0.265343535014627
1079.32779882771,0.26514321313337
1077.46367482283,0.265002455815816
1075.59955081794,0.264768309698396
1073.73542681306,0.264597334719586
1071.87130280818,0.264747581296922
1070.00717880329,0.26508973795089
1068.14305479841,0.265505912913963
1066.27893079352,0.265939110238581
1064.41480678864,0.266270497372492
1062.55068278376,0.266636981879246
1060.68655877887,0.267180193457752
1058.82243477399,0.267695367719432
1056.95831076911,0.268241979425967
1055.09418676422,0.269076048819567
1053.23006275934,0.270193045342443
1051.36593875445,0.271402028260831
1049.50181474957,0.272374763424587
1047.63769074469,0.272829762759755
1045.7735667398,0.2727306732621
1043.90944273492,0.272198364642146
1042.04531873003,0.271379049171231
1040.18119472515,0.270510532263816
1038.31707072027,0.269867457525774
1036.45294671538,0.269432539278875
1034.5888227105,0.269022683736729
1032.72469870561,0.268636781574152
1030.86057470073,0.268416724734241
1028.99645069585,0.268337121461376
1027.13232669096,0.268320112948838
1025.26820268608,0.268541444601158
1023.40407868119,0.269071936808053
1021.53995467631,0.269791420613168
1019.67583067143,0.270480958967248
1017.81170666654,0.270943321656836
1015.94758266166,0.271293760036431
1014.08345865677,0.271716927056577
1012.21933465189,0.272125109031842
1010.35521064701,0.272326295307384
1008.49108664212,0.272480144479527
1006.62696263724,0.272703904809459
1004.76283863235,0.272827669916668
1002.89871462747,0.272903072390457
1001.03459062259,0.272944192187646
999.170466617702,0.272895512002346
997.306342612818,0.272894346347385
995.442218607933,0.273101473072917
993.578094603049,0.273580177667979
991.713970598165,0.274195383432882
989.849846593281,0.2747336130416
987.985722588397,0.275221531580457
986.121598583513,0.275786055906291
984.257474578629,0.276335886191935
982.393350573745,0.276948980401916
980.529226568861,0.277883543959874
978.665102563977,0.27913560296929
976.800978559093,0.280386345018132
974.936854554209,0.28157321324399
973.072730549325,0.282895703514996
971.208606544441,0.2840609389601
969.344482539557,0.285086724179962
967.480358534673,0.286444209645265
965.616234529789,0.288106757669056
963.752110524905,0.289824654789555
961.887986520021,0.291559148613637
960.023862515137,0.293256734756149
958.159738510253,0.29489215580898
956.295614505368,0.296770162960829
954.431490500484,0.298694910287543
952.5673664956,0.300381725239631
950.703242490716,0.302232702550193
948.839118485832,0.304496596578531
946.974994480948,0.307007297326797
945.110870476064,0.309424894809718
943.24674647118,0.311856641678253
941.382622466296,0.314380725397427
939.518498461412,0.316659435307205
937.654374456528,0.318874336381435
935.790250451644,0.321408571748938
933.92612644676,0.324219208377287
932.062002441876,0.327204213923796
930.197878436992,0.330280672134903
928.333754432108,0.333114270588225
926.469630427224,0.335832555300259
924.60550642234,0.338738372446582
922.741382417456,0.341681935089444
920.877258412572,0.344717323669209
919.013134407688,0.34790564204982
917.149010402803,0.351324336741274
915.284886397919,0.355104221758758
913.420762393035,0.359105311721288
911.556638388151,0.362977626758049
909.692514383267,0.36636523976849
907.828390378383,0.369543125783911
905.964266373499,0.372958281707879
904.100142368615,0.376649241032484
902.236018363731,0.38072462222965
900.371894358847,0.385083756079704
898.507770353963,0.389422596459327
896.643646349079,0.393689283348962
894.779522344195,0.397876613056638
892.915398339311,0.401952677943422
891.051274334427,0.406111086181196
889.187150329543,0.410705639774925
887.323026324659,0.415670288786148
885.458902319775,0.420734223837469
883.594778314891,0.425694083412038
881.730654310007,0.430742741697111
879.866530305123,0.435830785735915
878.002406300238,0.440733942575033
876.138282295354,0.445670131836294
874.27415829047,0.450778123794541
872.410034285586,0.456075966458188
870.545910280702,0.461616681062422
868.681786275818,0.467661941050485
866.817662270934,0.473933500048426
864.95353826605,0.480010028305766
863.089414261166,0.485916979866118
861.225290256282,0.491685031370491
859.361166251398,0.497469784729992
857.497042246514,0.503720931970713
855.63291824163,0.51022216706646
853.768794236746,0.516972323012233
851.904670231862,0.523851480167936
850.040546226978,0.530859201264862
848.176422222094,0.537915796311333
846.31229821721,0.544516509360846
844.448174212326,0.551526787806933
842.584050207442,0.559537988097041
840.719926202558,0.568803736732435
838.855802197673,0.579680530636194
836.991678192789,0.592768725081702
835.127554187905,0.607353836733184
833.263430183021,0.62155763281224
831.399306178137,0.632077137022477
829.535182173253,0.636922129899089
827.671058168369,0.637977694079414
825.806934163485,0.638911139903711
823.942810158601,0.64191434421646
822.078686153717,0.647002319404783
820.214562148833,0.653522230489779
818.350438143949,0.66008328072067
816.486314139065,0.666796535471494
814.622190134181,0.673729806508186
812.758066129297,0.680378600797932
810.893942124413,0.686841266250985
809.029818119529,0.693653126905395
807.165694114645,0.700661229114117
805.301570109761,0.707713582683102
803.437446104877,0.714355133961809
801.573322099993,0.721597384489997
799.709198095108,0.729092202149919
797.845074090224,0.73609200730294
795.98095008534,0.743091333256423
794.116826080456,0.750957740243853
792.252702075572,0.759617166489565
790.388578070688,0.768074637388951
788.524454065804,0.776658756962412
786.66033006092,0.784548780136775
784.796206056036,0.792050619775587
782.932082051152,0.799123918042139
781.067958046268,0.806688894967418
779.203834041384,0.814694744041614
777.3397100365,0.823048080723528
775.475586031616,0.83139710074299
773.611462026732,0.839909681755399
771.747338021848,0.848044688392316
769.883214016964,0.855474206650929
768.01909001208,0.862588262660147
766.154966007196,0.870081025964361
764.290842002312,0.878396752855846
762.426717997428,0.887086473423824
760.562593992544,0.895851642125794
758.698469987659,0.90386305436885
756.834345982775,0.911386606398148
754.970221977891,0.918023501210804
753.106097973007,0.92537445377144
751.241973968123,0.933409464690875
749.377849963239,0.942402846085292
747.513725958355,0.950607215726453
745.649601953471,0.95900441536954
743.785477948587,0.967952738760575
741.921353943703,0.976703204907312
740.057229938819,0.982692975838347
738.193105933935,0.988868580893381
736.328981929051,0.998201846666751
734.464857924167,1.00745991858335
732.600733919283,1.01477804086956
730.736609914399,1.02205686109956
728.872485909515,1.03102058297818
727.008361904631,1.0384039870514
725.144237899747,1.0467008190815
723.280113894863,1.05571763252776
721.415989889979,1.0648465752302
719.551865885094,1.07048460725493
717.68774188021,1.07771892472377
715.823617875326,1.08680943943576
713.959493870442,1.09680640725741
712.095369865558,1.10376726826744
710.231245860674,1.11082955180722
708.36712185579,1.12067236467315
706.502997850906,1.12938145542828
704.638873846022,1.13525813281004
702.774749841138,1.14277830391694
700.910625836254,1.15436558663814
699.04650183137,1.16268659590948
697.182377826486,1.17085378013753
695.318253821602,1.17728133322827
693.454129816718,1.18580238407464
691.590005811834,1.19078733482557
689.72588180695,1.19995996365392
687.861757802066,1.20770541602315
685.997633797182,1.21492802262399
684.133509792298,1.22075613619059
682.269385787414,1.22947278418579
680.405261782529,1.23751011764744
678.541137777645,1.24569762539968
676.677013772761,1.25798992543983
674.812889767877,1.26856010703472
672.948765762993,1.27463316199594
671.084641758109,1.27982771257164
669.220517753225,1.27996890630401
667.356393748341,1.26776963133113
665.492269743457,1.28222022279429
663.628145738573,1.29474899298348
661.764021733689,1.30541725296069
659.899897728805,1.30721300397498
658.035773723921,1.31430161314258
656.171649719037,1.31509697933241
654.307525714153,1.32885427973111
652.443401709269,1.32938803230633
650.579277704385,1.31384967731604
